$call
lm(formula = Diversity ~ Aerosol_Density, data = df)

$terms
Diversity ~ Aerosol_Density
attr(,"variables")
list(Diversity, Aerosol_Density)
attr(,"factors")
                Aerosol_Density
Diversity                     0
Aerosol_Density               1
attr(,"term.labels")
[1] "Aerosol_Density"
attr(,"order")
[1] 1
attr(,"intercept")
[1] 1
attr(,"response")
[1] 1
attr(,".Environment")
<environment: R_GlobalEnv>
attr(,"predvars")
list(Diversity, Aerosol_Density)
attr(,"dataClasses")
      Diversity Aerosol_Density 
      "numeric"       "numeric" 

$residuals
           1            2            3            4            5            6            7            8 
 -824.757521  -628.193117  -651.965388  -714.389380  -456.706785  -608.364995  -758.851326  -787.674925 
           9           10           11           12           13           14           15           16 
 -490.543757 -1050.397637  -473.880826  -728.545525  -572.358309 -1274.151617  -990.765975  -578.295772 
          17           18           19           20           21           22           23           24 
-1456.425755  -677.391543  -554.282399  -708.273155  -595.871582  -393.738054  -196.910327  -582.132743 
          25           26           27           28           29           30           31           32 
 -525.148476  -643.188396  -971.178757  -801.951423  -643.342378  -477.764602  -517.219862  -516.704228 
          33           34           35           36           37           38           39           40 
 -905.681019  -527.081415  -579.168337  -582.398229 -1292.075116  -476.684169  -523.547885  -909.131756 
          41           42           43           44           45           46           47           48 
 -464.251130  -582.757521  -547.621434  -745.484756  -595.199408  -671.996064  -463.775614  -481.860373 
          49           50           51           52           53           54           55           56 
 -794.294785  -408.179744  -513.947295  -619.281807  -485.175023  -993.890062  -519.523106  -596.467057 
          57           58           59           60           61           62           63           64 
 -662.002553  -472.858012  -769.950831  -453.755358  -478.688297  -927.128803  -559.627726  -510.101079 
          65           66           67           68           69           70           71           72 
 -495.647982  -757.905993  -566.580724  -356.851524  -397.697344  -464.960470  -938.608251  -651.455256 
          73           74           75           76           77           78           79           80 
 -386.552211  -236.005901  -355.021041  -327.699704  -293.097148  -302.092625  -331.797836  -313.063519 
          81           82           83           84           85           86           87           88 
 -396.496163  -296.610422  -273.728810  -263.581514  -387.511699  -338.199408  -316.451719  -351.592131 
          89           90           91           92           93           94           95           96 
 -801.712477  -146.082007  -257.891641  -368.848571  -243.088102  -244.637167  -279.976203  -280.831070 
          97           98           99          100          101          102          103          104 
 -220.992133  -558.255448  -301.623203  -237.445033  -204.132743  -210.364797  -202.523303  -238.272958 
         105          106          107          108          109          110          111          112 
 -387.901074  -198.418288  -194.208455  -161.862733  -250.319367  -414.632241  -142.300295  -171.873548 
         113          114          115          116          117          118          119          120 
 -175.029693  -114.083973  -150.541001  -137.512093  -150.362240  -108.215536  -322.026140  -116.206292 
         121          122          123          124          125          126          127          128 
  -88.789381  -110.956144  -104.032054   -92.650540   -77.874140  -165.093003   -77.025565   -70.416322 
         129          130          131          132          133          134          135          136 
  -66.637167   -60.668633   -55.824384   -52.454277   -46.876106   -42.838151   -22.576201   -30.210815 
         137          138          139          140          141          142          143          144 
  -29.907374     8.984272     1.838744   -18.561455     5.559490    35.990760    14.758114    -9.041495 
         145          146          147          148          149          150          151          152 
  -10.472370    21.177582    29.845035    94.044448    10.041101   150.018098    30.902852    40.862734 
         153          154          155          156          157          158          159          160 
   19.462930    60.967749    40.942969    98.680041    95.472371   103.287120    11.915830    85.344937 
         161          162          163          164          165          166          167          168 
  224.403937   159.222618   115.539234   121.838349   256.640515   123.528024   122.121731   109.710915 
         169          170          171          172          173          174          175          176 
   86.206293   119.360472    63.663716    47.947098   149.867257   128.259980   470.500498   267.450347 
         177          178          179          180          181          182          183          184 
  174.025763   121.072369   223.950051   140.994297    34.875514   112.445034   201.599411   514.196662 
         185          186          187          188          189          190          191          192 
  802.671003   358.963818   348.271782   151.570108   153.487512   239.070404   333.983679   439.533140 
         193          194          195          196          197          198          199          200 
  347.200199   567.406298   214.355949   371.581910   387.778370   500.939433   329.798231   164.808849 
         201          202          203          204          205          206          207          208 
  233.802360   436.528419   327.762440   195.253097   214.308948   309.956539   207.596853   272.177385 
         209          210          211          212          213          214          215          216 
  189.860176   296.755556   343.592724   320.251131   228.813372   347.829302   189.587806   232.259783 
         217          218          219          220          221          222          223          224 
  230.572271  1176.657235   184.398032    85.953587   104.449162    89.953587   249.183873   178.819861 
         225          226          227          228          229          230          231          232 
  120.868828   402.530187   142.625564   113.150047   161.255062   162.083184   277.311110   204.985053 
         233          234          235          236          237          238          239          240 
  340.014356   221.621238   306.940609   103.877677   174.522909   170.096557   215.864502   355.422812 
         241          242          243          244          245          246          247          248 
  434.322517   454.996657   342.105801   213.839920   163.167943   467.570305   370.913864  1155.772473 
         249          250          251          252          253          254          255          256 
  680.412194   356.119174   474.545723   384.137069   239.444836   380.411602   458.541200   637.295970 
         257          258          259          260          261          262          263          264 
  265.902457   110.127628   818.153395   201.766173   414.009832   862.648970   566.416323   510.916224 
         265          266          267          268          269          270          271          272 
  416.067846   396.482989   495.338053   508.719764  3382.532367   642.936481  1985.507776   803.260375 
         273          274          275          276          277          278          279          280 
  912.936875   367.409242   490.288889   316.857816   503.326843   415.808849   746.487907   190.946901 
         281          282          283          284          285          286          287          288 
  316.565387   719.094986   547.090265   768.666471   740.871781   578.376008   914.284957   741.146313 
         289          290          291          292          293          294          295          296 
  885.758114  1094.399019  1144.142382  1484.886140   834.563816   668.195280  1344.644841  1213.115637 
         297          298 
 1158.213769  1416.343563 

$coefficients
                 Estimate Std. Error    t value     Pr(>|t|)
(Intercept)     59.245431 64.6476887  0.9164354 3.601846e-01
Aerosol_Density  2.611603  0.1961556 13.3139325 5.164937e-32

$aliased
    (Intercept) Aerosol_Density 
          FALSE           FALSE 

$sigma
[1] 546.4171

$df
[1]   2 296   2

$r.squared
[1] 0.374552

$adj.r.squared
[1] 0.372439

$fstatistic
   value    numdf    dendf 
177.2608   1.0000 296.0000 

$cov.unscaled
                  (Intercept) Aerosol_Density
(Intercept)      1.399772e-02   -3.703296e-05
Aerosol_Density -3.703296e-05    1.288703e-07

$call
lm(formula = Diversity ~ Aerosol_Density * Precip, data = df)

$terms
Diversity ~ Aerosol_Density * Precip
attr(,"variables")
list(Diversity, Aerosol_Density, Precip)
attr(,"factors")
                Aerosol_Density Precip Aerosol_Density:Precip
Diversity                     0      0                      0
Aerosol_Density               1      0                      1
Precip                        0      1                      1
attr(,"term.labels")
[1] "Aerosol_Density"        "Precip"                 "Aerosol_Density:Precip"
attr(,"order")
[1] 1 1 2
attr(,"intercept")
[1] 1
attr(,"response")
[1] 1
attr(,".Environment")
<environment: R_GlobalEnv>
attr(,"predvars")
list(Diversity, Aerosol_Density, Precip)
attr(,"dataClasses")
      Diversity Aerosol_Density          Precip 
      "numeric"       "numeric"       "numeric" 

$residuals
          1           2           3           4           5           6           7           8 
-131.196314  -97.055579 -102.506381 -112.295651  -71.565944 -100.533347 -113.735367 -129.815748 
          9          10          11          12          13          14          15          16 
 -73.521280 -170.569162  -72.789645 -132.502848  -90.258841 -205.497752 -179.876034  -89.494427 
         17          18          19          20          21          22          23          24 
-308.631480 -119.616866 -119.513496 -148.681796  -72.040369  -81.398240  -12.964083 -119.144731 
         25          26          27          28          29          30          31          32 
 -68.892561 -134.717125 -147.253584 -196.275853  -88.165765  -32.114354  -97.311987  -50.046801 
         33          34          35          36          37          38          39          40 
-165.159271  -96.725187 -126.572471  -70.673332 -268.894587  -93.844955  -99.130965 -170.362514 
         41          42          43          44          45          46          47          48 
-139.914888  -84.366789  -98.805123 -288.563699 -156.927761 -108.949546  -66.302353  -95.746190 
         49          50          51          52          53          54          55          56 
 -66.468915  -51.230489 -112.602440 -258.102149  -33.326791 -111.245820  -74.144929 -160.629524 
         57          58          59          60          61          62          63          64 
  15.785274 -207.347207 -366.717318  -58.968330 -172.453187 -292.190355 -179.020714 -126.525414 
         65          66          67          68          69          70          71          72 
  79.088448 -249.645499  -69.619223   44.043983   26.743250  -74.022157 -165.303459 -289.355537 
         73          74          75          76          77          78          79          80 
 -50.252562  -29.618154 -107.024787  -67.154274  -85.367698 -136.793780   20.502489   51.140099 
         81          82          83          84          85          86          87          88 
 102.542560   57.217597  -35.852408   54.779789 -144.241978 -179.132099 -168.710473 -147.528597 
         89          90          91          92          93          94          95          96 
-212.409150   37.299216  -76.694856  -68.133713 -182.051802   51.870424 -106.773696  -30.485187 
         97          98          99         100         101         102         103         104 
 -55.732660  -49.545441   84.335930 -226.406961   15.740997 -191.508287  -89.021102   12.514444 
        105         106         107         108         109         110         111         112 
 202.797088 -224.833220  -16.319544  -64.827453  217.425013   35.373042 -184.253367   59.359635 
        113         114         115         116         117         118         119         120 
-140.677258  -21.051469 -309.672958   74.253177   20.295593 -122.363375  277.968003  -10.524983 
        121         122         123         124         125         126         127         128 
-105.798355  -69.508141  -51.506980 -172.997481   15.561529  633.372093 -192.464589  120.078235 
        129         130         131         132         133         134         135         136 
 110.898358  -92.069355 -508.944620  147.171391  -46.796745  137.135900  199.302310  -39.256141 
        137         138         139         140         141         142         143         144 
-139.472782 -117.153495  133.018655  114.496303  360.307589  350.491841 -108.070296  -13.209827 
        145         146         147         148         149         150         151         152 
 -19.371726  204.124146  -23.179627  -12.575095 -127.877195  -10.048342   68.357366   89.485776 
        153         154         155         156         157         158         159         160 
 -14.366721   16.325271   29.976935 -180.693012  -45.147807  144.584747  -27.913237  271.853845 
        161         162         163         164         165         166         167         168 
 790.718002  346.724667 -229.976896  178.729805  406.818123   66.591390  -99.263150   59.306540 
        169         170         171         172         173         174         175         176 
-197.163809 -122.448707  150.614494    8.745511  -66.483812 -177.165445  116.663403  121.095366 
        177         178         179         180         181         182         183         184 
  15.830454  117.913174  -18.902140  -14.350334 -109.870031   62.513252  355.207100 -159.003588 
        185         186         187         188         189         190         191         192 
 491.660890 -232.616809 -134.955960  -76.583908  155.812603 -277.199458   30.046173  214.773137 
        193         194         195         196         197         198         199         200 
-185.133678 -297.555140 -184.625759  155.948804  545.507450   77.208146 -121.335806    5.954210 
        201         202         203         204         205         206         207         208 
-204.973893  293.437859   56.042809  447.470071   -2.025986   76.145193   32.438998 -110.602907 
        209         210         211         212         213         214         215         216 
  76.882706  329.790766  373.737964  130.151451  226.528483   21.569498   13.850330   94.395253 
        217         218         219         220         221         222         223         224 
 350.292894 -455.855504   33.687341  125.071306   67.533475  303.386617 -272.750961 -239.168351 
        225         226         227         228         229         230         231         232 
-113.198449   19.149216   -4.579614    9.811493  145.538519  -36.884483   64.407088  172.240000 
        233         234         235         236         237         238         239         240 
-195.775402   28.749079  307.099654   96.311344  -27.727176 -237.726530    9.620018  183.667825 
        241         242         243         244         245         246         247         248 
-217.890950  409.719668  206.018833  197.793510    4.363139  376.545794   36.566733  -45.967575 
        249         250         251         252         253         254         255         256 
 637.992568 -152.864749  269.171737 -281.195887   13.614431 -180.802980  226.589224  357.319470 
        257         258         259         260         261         262         263         264 
-126.978228   46.568992 -122.789497   80.011966  -87.205846  194.711663  282.569337  -20.484974 
        265         266         267         268         269         270         271         272 
 134.101438  114.361405 -162.316001  502.044714 -232.168830  183.544391  152.784436   10.456218 
        273         274         275         276         277         278         279         280 
 579.811863  170.895163  299.060997  136.153854  241.769187  -77.252677 -120.064040  -17.860203 
        281         282         283         284         285         286         287         288 
  31.475156  536.146417  142.039238 -302.539943 -131.115818 -317.176029   37.917910  158.316382 
        289         290         291         292         293         294         295         296 
 621.829769  214.929917  134.284643  -87.911588    9.029218 -413.380895  116.031933  334.693611 
        297         298 
-135.274182  960.128732 

$coefficients
                           Estimate   Std. Error    t value     Pr(>|t|)
(Intercept)             -4.43215769 33.717563400 -0.1314495 8.955096e-01
Aerosol_Density          0.47306001  0.103985847  4.5492730 7.882596e-06
Precip                 210.65627153  7.788156801 27.0482833 9.394013e-82
Aerosol_Density:Precip  -0.01225891  0.009793327 -1.2517616 2.116518e-01

$aliased
           (Intercept)        Aerosol_Density                 Precip Aerosol_Density:Precip 
                 FALSE                  FALSE                  FALSE                  FALSE 

$sigma
[1] 203.6393

$df
[1]   4 294   4

$r.squared
[1] 0.9137178

$adj.r.squared
[1] 0.9128373

$fstatistic
   value    numdf    dendf 
1037.807    3.000  294.000 

$cov.unscaled
                         (Intercept) Aerosol_Density        Precip Aerosol_Density:Precip
(Intercept)             2.741506e-02   -6.623295e-05 -3.605796e-03           5.567412e-06
Aerosol_Density        -6.623295e-05    2.607505e-07  2.039345e-06          -1.254132e-08
Precip                 -3.605796e-03    2.039345e-06  1.462669e-03          -1.460071e-06
Aerosol_Density:Precip  5.567412e-06   -1.254132e-08 -1.460071e-06           2.312796e-09

